100
4950
0 1 42
0 2 58
0 3 53
0 4 59
0 5 22
0 6 66
0 7 55
0 8 63
0 9 69
0 10 82
0 11 83
0 12 87
0 13 58
0 14 63
0 15 90
0 16 63
0 17 73
0 18 68
0 19 72
0 20 58
0 21 67
0 22 87
0 23 74
0 24 58
0 25 77
0 26 62
0 27 62
0 28 41
0 29 71
0 30 70
0 31 60
0 32 65
0 33 82
0 34 70
0 35 87
0 36 84
0 37 60
0 38 48
0 39 42
0 40 34
0 41 53
0 42 61
0 43 61
0 44 50
0 45 81
0 46 85
0 47 88
0 48 84
0 49 61
0 50 75
0 51 49
0 52 70
0 53 88
0 54 59
0 55 52
0 56 76
0 57 80
0 58 44
0 59 67
0 60 51
0 61 52
0 62 51
0 63 56
0 64 64
0 65 72
0 66 40
0 67 85
0 68 80
0 69 69
0 70 76
0 71 45
0 72 91
0 73 100
0 74 63
0 75 65
0 76 73
0 77 86
0 78 59
0 79 48
0 80 75
0 81 63
0 82 62
0 83 30
0 84 74
0 85 65
0 86 95
0 87 57
0 88 67
0 89 92
0 90 61
0 91 53
0 92 58
0 93 75
0 94 58
0 95 64
0 96 95
0 97 40
0 98 64
0 99 98
1 2 36
1 3 11
1 4 22
1 5 20
1 6 41
1 7 13
1 8 43
1 9 27
1 10 45
1 11 41
1 12 49
1 13 16
1 14 21
1 15 64
1 16 29
1 17 31
1 18 32
1 19 35
1 20 21
1 21 31
1 22 45
1 23 40
1 24 40
1 25 64
1 26 20
1 27 20
1 28 23
1 29 29
1 30 36
1 31 33
1 32 23
1 33 40
1 34 28
1 35 45
1 36 49
1 37 18
1 38 12
1 39 16
1 40 21
1 41 11
1 42 19
1 43 28
1 44 43
1 45 45
1 46 43
1 47 56
1 48 42
1 49 22
1 50 39
1 51 7
1 52 34
1 53 52
1 54 33
1 55 10
1 56 34
1 57 38
1 58 18
1 59 25
1 60 9
1 61 26
1 62 9
1 63 19
1 64 38
1 65 34
1 66 16
1 67 66
1 68 43
1 69 33
1 70 34
1 71 43
1 72 63
1 73 98
1 74 31
1 75 29
1 76 31
1 77 44
1 78 41
1 79 7
1 80 38
1 81 21
1 82 25
1 83 12
1 84 41
1 85 29
1 86 54
1 87 23
1 88 25
1 89 53
1 90 19
1 91 28
1 92 16
1 93 50
1 94 22
1 95 46
1 96 66
1 97 22
1 98 32
1 99 56
2 3 47
2 4 35
2 5 36
2 6 36
2 7 49
2 8 63
2 9 58
2 10 50
2 11 70
2 12 40
2 13 45
2 14 57
2 15 77
2 16 23
2 17 54
2 18 46
2 19 40
2 20 43
2 21 45
2 22 49
2 23 34
2 24 38
2 25 76
2 26 34
2 27 51
2 28 34
2 29 50
2 30 58
2 31 48
2 32 52
2 33 63
2 34 53
2 35 59
2 36 26
2 37 32
2 38 24
2 39 45
2 40 43
2 41 47
2 42 40
2 43 40
2 44 58
2 45 53
2 46 62
2 47 68
2 48 60
2 49 37
2 50 45
2 51 43
2 52 50
2 53 60
2 54 58
2 55 46
2 56 52
2 57 56
2 58 43
2 59 61
2 60 45
2 61 35
2 62 45
2 63 41
2 64 47
2 65 54
2 66 49
2 67 64
2 68 65
2 69 41
2 70 50
2 71 59
2 72 85
2 73 114
2 74 5
2 75 37
2 76 45
2 77 60
2 78 37
2 79 29
2 80 60
2 81 50
2 82 33
2 83 43
2 84 50
2 85 21
2 86 73
2 87 29
2 88 39
2 89 65
2 90 31
2 91 46
2 92 36
2 93 60
2 94 14
2 95 53
2 96 80
2 97 33
2 98 6
2 99 87
3 4 15
3 5 31
3 6 32
3 7 2
3 8 40
3 9 18
3 10 37
3 11 32
3 12 38
3 13 7
3 14 18
3 15 75
3 16 26
3 17 27
3 18 24
3 19 27
3 20 15
3 21 24
3 22 42
3 23 37
3 24 37
3 25 61
3 26 29
3 27 9
3 28 33
3 29 26
3 30 30
3 31 30
3 32 14
3 33 36
3 34 17
3 35 44
3 36 41
3 37 27
3 38 23
3 39 27
3 40 19
3 41 4
3 42 16
3 43 37
3 44 40
3 45 42
3 46 36
3 47 47
3 48 39
3 49 19
3 50 36
3 51 4
3 52 31
3 53 49
3 54 44
3 55 1
3 56 31
3 57 35
3 58 29
3 59 18
3 60 3
3 61 37
3 62 2
3 63 13
3 64 37
3 65 31
3 66 13
3 67 59
3 68 37
3 69 30
3 70 29
3 71 52
3 72 57
3 73 103
3 74 42
3 75 26
3 76 40
3 77 39
3 78 38
3 79 18
3 80 32
3 81 10
3 82 18
3 83 23
3 84 34
3 85 39
3 86 47
3 87 20
3 88 18
3 89 62
3 90 28
3 91 19
3 92 13
3 93 41
3 94 33
3 95 44
3 96 58
3 97 32
3 98 43
3 99 50
4 5 37
4 6 45
4 7 17
4 8 51
4 9 31
4 10 50
4 11 45
4 12 53
4 13 20
4 14 29
4 15 84
4 16 30
4 17 39
4 18 36
4 19 40
4 20 26
4 21 35
4 22 53
4 23 41
4 24 48
4 25 56
4 26 40
4 27 24
4 28 41
4 29 37
4 30 41
4 31 41
4 32 27
4 33 48
4 34 32
4 35 29
4 36 51
4 37 40
4 38 11
4 39 38
4 40 30
4 41 15
4 42 27
4 43 45
4 44 51
4 45 53
4 46 47
4 47 55
4 48 50
4 49 30
4 50 47
4 51 15
4 52 42
4 53 60
4 54 55
4 55 14
4 56 42
4 57 46
4 58 40
4 59 29
4 60 14
4 61 42
4 62 13
4 63 24
4 64 48
4 65 42
4 66 24
4 67 68
4 68 48
4 69 41
4 70 40
4 71 60
4 72 68
4 73 115
4 74 30
4 75 37
4 76 53
4 77 50
4 78 49
4 79 16
4 80 43
4 81 25
4 82 3
4 83 34
4 84 45
4 85 25
4 86 58
4 87 31
4 88 29
4 89 75
4 90 41
4 91 32
4 92 24
4 93 54
4 94 21
4 95 55
4 96 70
4 97 40
4 98 30
4 99 61
5 6 44
5 7 33
5 8 41
5 9 47
5 10 65
5 11 61
5 12 65
5 13 36
5 14 41
5 15 68
5 16 45
5 17 51
5 18 46
5 19 55
5 20 41
5 21 45
5 22 65
5 23 56
5 24 53
5 25 78
5 26 40
5 27 40
5 28 19
5 29 49
5 30 48
5 31 38
5 32 43
5 33 60
5 34 48
5 35 65
5 36 62
5 37 38
5 38 26
5 39 20
5 40 41
5 41 31
5 42 39
5 43 39
5 44 28
5 45 61
5 46 63
5 47 66
5 48 62
5 49 39
5 50 53
5 51 27
5 52 48
5 53 68
5 54 37
5 55 30
5 56 54
5 57 58
5 58 22
5 59 45
5 60 29
5 61 30
5 62 29
5 63 39
5 64 42
5 65 50
5 66 36
5 67 63
5 68 63
5 69 49
5 70 54
5 71 23
5 72 75
5 73 78
5 74 41
5 75 49
5 76 51
5 77 64
5 78 52
5 79 27
5 80 58
5 81 41
5 82 40
5 83 8
5 84 52
5 85 43
5 86 73
5 87 43
5 88 45
5 89 70
5 90 39
5 91 31
5 92 36
5 93 53
5 94 36
5 95 42
5 96 73
5 97 18
5 98 42
5 99 76
6 7 34
6 8 57
6 9 48
6 10 61
6 11 53
6 12 66
6 13 37
6 14 48
6 15 103
6 16 49
6 17 57
6 18 55
6 19 51
6 20 37
6 21 54
6 22 72
6 23 60
6 24 64
6 25 88
6 26 49
6 27 25
6 28 27
6 29 56
6 30 44
6 31 34
6 32 44
6 33 56
6 34 49
6 35 74
6 36 52
6 37 51
6 38 50
6 39 57
6 40 49
6 41 34
6 42 46
6 43 61
6 44 44
6 45 72
6 46 66
6 47 79
6 48 69
6 49 45
6 50 66
6 51 34
6 52 61
6 53 79
6 54 74
6 55 31
6 56 61
6 57 65
6 58 59
6 59 31
6 60 33
6 61 61
6 62 32
6 63 39
6 64 67
6 65 61
6 66 43
6 67 71
6 68 59
6 69 60
6 70 59
6 71 67
6 72 71
6 73 122
6 74 31
6 75 56
6 76 64
6 77 53
6 78 63
6 79 48
6 80 58
6 81 24
6 82 48
6 83 36
6 84 60
6 85 47
6 86 60
6 87 50
6 88 48
6 89 86
6 90 52
6 91 13
6 92 43
6 93 61
6 94 40
6 95 50
6 96 89
6 97 26
6 98 32
6 99 60
7 8 42
7 9 20
7 10 35
7 11 34
7 12 36
7 13 9
7 14 20
7 15 77
7 16 28
7 17 29
7 18 26
7 19 25
7 20 17
7 21 26
7 22 44
7 23 39
7 24 39
7 25 63
7 26 31
7 27 11
7 28 35
7 29 28
7 30 32
7 31 32
7 32 16
7 33 38
7 34 19
7 35 46
7 36 39
7 37 29
7 38 25
7 39 29
7 40 21
7 41 6
7 42 18
7 43 39
7 44 42
7 45 44
7 46 38
7 47 45
7 48 41
7 49 21
7 50 38
7 51 6
7 52 33
7 53 51
7 54 46
7 55 3
7 56 33
7 57 37
7 58 31
7 59 20
7 60 5
7 61 39
7 62 4
7 63 15
7 64 39
7 65 33
7 66 15
7 67 61
7 68 39
7 69 32
7 70 31
7 71 54
7 72 59
7 73 105
7 74 44
7 75 28
7 76 42
7 77 41
7 78 40
7 79 20
7 80 34
7 81 12
7 82 20
7 83 25
7 84 36
7 85 41
7 86 49
7 87 22
7 88 20
7 89 64
7 90 30
7 91 21
7 92 15
7 93 43
7 94 35
7 95 46
7 96 60
7 97 34
7 98 45
7 99 52
8 9 56
8 10 67
8 11 36
8 12 50
8 13 45
8 14 50
8 15 72
8 16 40
8 17 58
8 18 56
8 19 57
8 20 50
8 21 55
8 22 71
8 23 51
8 24 57
8 25 82
8 26 38
8 27 49
8 28 54
8 29 47
8 30 33
8 31 23
8 32 52
8 33 60
8 34 57
8 35 63
8 36 46
8 37 40
8 38 55
8 39 59
8 40 51
8 41 39
8 42 37
8 43 50
8 44 13
8 45 58
8 46 38
8 47 77
8 48 68
8 49 34
8 50 57
8 51 36
8 52 52
8 53 65
8 54 76
8 55 39
8 56 60
8 57 64
8 58 61
8 59 42
8 60 38
8 61 65
8 62 38
8 63 48
8 64 53
8 65 9
8 66 45
8 67 97
8 68 72
8 69 46
8 70 52
8 71 64
8 72 60
8 73 119
8 74 58
8 75 42
8 76 53
8 77 62
8 78 58
8 79 50
8 80 67
8 81 50
8 82 54
8 83 49
8 84 50
8 85 56
8 86 71
8 87 34
8 88 49
8 89 75
8 90 41
8 91 57
8 92 27
8 93 12
8 94 49
8 95 40
8 96 73
8 97 55
8 98 59
8 99 39
9 10 55
9 11 48
9 12 56
9 13 23
9 14 34
9 15 91
9 16 42
9 17 43
9 18 41
9 19 45
9 20 31
9 21 40
9 22 57
9 23 53
9 24 53
9 25 77
9 26 28
9 27 27
9 28 49
9 29 42
9 30 46
9 31 43
9 32 30
9 33 52
9 34 35
9 35 53
9 36 59
9 37 26
9 38 39
9 39 43
9 40 35
9 41 20
9 42 32
9 43 36
9 44 53
9 45 58
9 46 52
9 47 65
9 48 54
9 49 35
9 50 52
9 51 20
9 52 47
9 53 65
9 54 60
9 55 17
9 56 46
9 57 50
9 58 45
9 59 34
9 60 19
9 61 53
9 62 18
9 63 29
9 64 53
9 65 47
9 66 29
9 67 75
9 68 53
9 69 46
9 70 45
9 71 70
9 72 73
9 73 119
9 74 58
9 75 42
9 76 39
9 77 55
9 78 54
9 79 34
9 80 48
9 81 28
9 82 34
9 83 39
9 84 50
9 85 56
9 86 63
9 87 36
9 88 34
9 89 61
9 90 27
9 91 35
9 92 29
9 93 57
9 94 49
9 95 59
9 96 75
9 97 48
9 98 59
9 99 66
10 11 66
10 12 38
10 13 44
10 14 52
10 15 109
10 16 53
10 17 61
10 18 60
10 19 10
10 20 24
10 21 59
10 22 68
10 23 64
10 24 71
10 25 68
10 26 64
10 27 38
10 28 68
10 29 60
10 30 63
10 31 64
10 32 51
10 33 70
10 34 54
10 35 75
10 36 24
10 37 63
10 38 57
10 39 61
10 40 48
10 41 39
10 42 50
10 43 60
10 44 74
10 45 60
10 46 60
10 47 66
10 48 57
10 49 53
10 50 43
10 51 38
10 52 38
10 53 78
10 54 78
10 55 38
10 56 65
10 57 61
10 58 63
10 59 53
10 60 36
10 61 56
10 62 37
10 63 26
10 64 66
10 65 58
10 66 47
10 67 96
10 68 46
10 69 59
10 70 64
10 71 81
10 72 90
10 73 140
10 74 45
10 75 55
10 76 53
10 77 66
10 78 72
10 79 52
10 80 45
10 81 37
10 82 53
10 83 57
10 84 69
10 85 60
10 86 82
10 87 47
10 88 53
10 89 98
10 90 64
10 91 56
10 92 40
10 93 58
10 94 53
10 95 79
10 96 92
10 97 67
10 98 46
10 99 83
11 12 64
11 13 25
11 14 48
11 15 105
11 16 56
11 17 57
11 18 43
11 19 56
11 20 42
11 21 42
11 22 70
11 23 67
11 24 67
11 25 84
11 26 47
11 27 28
11 28 57
11 29 50
11 30 60
11 31 54
11 32 32
11 33 66
11 34 49
11 35 72
11 36 70
11 37 49
11 38 53
11 39 57
11 40 49
11 41 34
11 42 40
11 43 59
11 44 49
11 45 66
11 46 66
11 47 79
11 48 67
11 49 43
11 50 60
11 51 34
11 52 55
11 53 73
11 54 74
11 55 31
11 56 59
11 57 63
11 58 59
11 59 48
11 60 33
11 61 67
11 62 32
11 63 43
11 64 61
11 65 27
11 66 43
11 67 89
11 68 64
11 69 54
11 70 25
11 71 71
11 72 87
11 73 121
11 74 65
11 75 50
11 76 62
11 77 35
11 78 68
11 79 48
11 80 62
11 81 29
11 82 48
11 83 53
11 84 64
11 85 58
11 86 70
11 87 50
11 88 36
11 89 84
11 90 50
11 91 43
11 92 43
11 93 48
11 94 63
11 95 71
11 96 77
11 97 56
11 98 66
11 99 75
12 13 39
12 14 56
12 15 89
12 16 44
12 17 50
12 18 48
12 19 28
12 20 42
12 21 47
12 22 56
12 23 55
12 24 68
12 25 47
12 26 30
12 27 43
12 28 55
12 29 42
12 30 55
12 31 45
12 32 32
12 33 59
12 34 55
12 35 55
12 36 14
12 37 32
12 38 54
12 39 45
12 40 57
12 41 42
12 42 32
12 43 42
12 44 55
12 45 45
12 46 22
12 47 43
12 48 49
12 49 35
12 50 22
12 51 42
12 52 17
12 53 65
12 54 58
12 55 39
12 56 45
12 57 49
12 58 43
12 59 56
12 60 41
12 61 35
12 62 40
12 63 44
12 64 47
12 65 59
12 66 51
12 67 94
12 68 64
12 69 46
12 70 47
12 71 86
12 72 82
12 73 121
12 74 35
12 75 42
12 76 45
12 77 57
12 78 67
12 79 56
12 80 63
12 81 44
12 82 56
12 83 61
12 84 72
12 85 51
12 86 75
12 87 50
12 88 41
12 89 67
12 90 33
12 91 57
12 92 51
12 93 48
12 94 44
12 95 62
12 96 71
12 97 56
12 98 36
12 99 75
13 14 23
13 15 80
13 16 31
13 17 32
13 18 30
13 19 34
13 20 20
13 21 29
13 22 47
13 23 42
13 24 42
13 25 66
13 26 34
13 27 16
13 28 38
13 29 31
13 30 35
13 31 35
13 32 7
13 33 41
13 34 24
13 35 49
13 36 48
13 37 34
13 38 28
13 39 32
13 40 24
13 41 9
13 42 21
13 43 44
13 44 45
13 45 47
13 46 41
13 47 54
13 48 44
13 49 24
13 50 41
13 51 9
13 52 36
13 53 54
13 54 49
13 55 6
13 56 36
13 57 40
13 58 34
13 59 23
13 60 8
13 61 42
13 62 7
13 63 18
13 64 42
13 65 36
13 66 18
13 67 64
13 68 42
13 69 35
13 70 34
13 71 59
13 72 62
13 73 96
13 74 40
13 75 31
13 76 47
13 77 44
13 78 43
13 79 23
13 80 37
13 81 17
13 82 23
13 83 28
13 84 39
13 85 45
13 86 52
13 87 25
13 88 23
13 89 69
13 90 35
13 91 24
13 92 18
13 93 46
13 94 38
13 95 49
13 96 64
13 97 37
13 98 41
13 99 55
14 15 85
14 16 36
14 17 38
14 18 39
14 19 42
14 20 28
14 21 38
14 22 52
14 23 47
14 24 47
14 25 71
14 26 41
14 27 27
14 28 44
14 29 36
14 30 43
14 31 40
14 32 30
14 33 47
14 34 35
14 35 58
14 36 56
14 37 39
14 38 33
14 39 37
14 40 29
14 41 18
14 42 26
14 43 49
14 44 50
14 45 52
14 46 50
14 47 65
14 48 49
14 49 29
14 50 46
14 51 14
14 52 41
14 53 59
14 54 54
14 55 17
14 56 41
14 57 45
14 58 39
14 59 32
14 60 16
14 61 47
14 62 16
14 63 26
14 64 47
14 65 41
14 66 23
14 67 75
14 68 50
14 69 40
14 70 41
14 71 64
14 72 70
14 73 119
14 74 52
14 75 36
14 76 52
14 77 51
14 78 48
14 79 28
14 80 45
14 81 28
14 82 32
14 83 33
14 84 48
14 85 50
14 86 61
14 87 30
14 88 32
14 89 74
14 90 40
14 91 35
14 92 23
14 93 57
14 94 43
14 95 57
14 96 73
14 97 43
14 98 53
14 99 63
15 16 72
15 17 87
15 18 71
15 19 99
15 20 85
15 21 70
15 22 98
15 23 83
15 24 81
15 25 94
15 26 79
15 27 84
15 28 83
15 29 93
15 30 59
15 31 69
15 32 87
15 33 96
15 34 78
15 35 104
15 36 93
15 37 77
15 38 73
15 39 48
15 40 85
15 41 75
15 42 83
15 43 67
15 44 79
15 45 85
15 46 107
15 47 90
15 48 95
15 49 80
15 50 77
15 51 71
15 52 72
15 53 92
15 54 31
15 55 74
15 56 87
15 57 91
15 58 46
15 59 89
15 60 73
15 61 54
15 62 73
15 63 83
15 64 66
15 65 81
15 66 80
15 67 113
15 68 107
15 69 73
15 70 87
15 71 91
15 72 86
15 73 146
15 74 72
15 75 77
15 76 90
15 77 97
15 78 80
15 79 71
15 80 98
15 81 85
15 82 87
15 83 76
15 84 96
15 85 70
15 86 98
15 87 78
15 88 76
15 89 98
15 90 76
15 91 92
15 92 80
15 93 84
15 94 63
15 95 86
15 96 70
15 97 82
15 98 73
15 99 111
16 17 39
16 18 37
16 19 43
16 20 36
16 21 36
16 22 44
16 23 11
16 24 51
16 25 57
16 26 19
16 27 35
16 28 29
16 29 27
16 30 35
16 31 25
16 32 38
16 33 48
16 34 43
16 35 44
16 36 39
16 37 21
16 38 19
16 39 40
16 40 29
16 41 26
16 42 17
16 43 31
16 44 35
16 45 30
16 46 58
16 47 49
16 48 49
16 49 14
16 50 22
16 51 22
16 52 27
16 53 37
16 54 53
16 55 25
16 56 41
16 57 45
16 58 38
16 59 40
16 60 24
16 61 30
16 62 24
16 63 34
16 64 25
16 65 31
16 66 31
16 67 59
16 68 58
16 69 18
16 70 32
16 71 68
16 72 62
16 73 123
16 74 18
16 75 14
16 76 34
16 77 42
16 78 50
16 79 24
16 80 53
16 81 36
16 82 33
16 83 38
16 84 40
16 85 16
16 86 64
16 87 6
16 88 30
16 89 56
16 90 22
16 91 41
16 92 13
16 93 52
16 94 9
16 95 30
16 96 71
16 97 28
16 98 19
16 99 71
17 18 27
17 19 52
17 20 38
17 21 28
17 22 53
17 23 50
17 24 57
17 25 81
17 26 20
17 27 36
17 28 50
17 29 46
17 30 45
17 31 35
17 32 39
17 33 9
17 34 34
17 35 45
17 36 64
17 37 22
17 38 43
17 39 47
17 40 39
17 41 28
17 42 36
17 43 32
17 44 45
17 45 56
17 46 60
17 47 30
17 48 50
17 49 39
17 50 56
17 51 24
17 52 51
17 53 63
17 54 56
17 55 26
17 56 42
17 57 46
17 58 49
17 59 34
17 60 26
17 61 49
17 62 26
17 63 36
17 64 37
17 65 51
17 66 33
17 67 84
17 68 60
17 69 44
17 70 42
17 71 74
17 72 32
17 73 124
17 74 57
17 75 46
17 76 35
17 77 52
17 78 58
17 79 38
17 80 55
17 81 37
17 82 42
17 83 43
17 84 58
17 85 55
17 86 54
17 87 40
17 88 31
17 89 57
17 90 23
17 91 44
17 92 33
17 93 64
17 94 48
17 95 52
17 96 61
17 97 49
17 98 58
17 99 73
18 19 50
18 20 36
18 21 1
18 22 27
18 23 48
18 24 58
18 25 58
18 26 18
18 27 33
18 28 48
18 29 43
18 30 43
18 31 33
18 32 37
18 33 36
18 34 7
18 35 43
18 36 51
18 37 20
18 38 41
18 39 26
18 40 40
18 41 21
18 42 33
18 43 30
18 44 43
18 45 59
18 46 53
18 47 57
18 48 24
18 49 36
18 50 53
18 51 25
18 52 48
18 53 66
18 54 43
18 55 24
18 56 16
18 57 20
18 58 28
18 59 35
18 60 24
18 61 36
18 62 23
18 63 34
18 64 48
18 65 52
18 66 34
18 67 82
18 68 58
18 69 47
18 70 18
18 71 69
18 72 46
18 73 122
18 74 51
18 75 43
18 76 33
18 77 28
18 78 58
18 79 36
18 80 29
18 81 34
18 82 39
18 83 44
18 84 55
18 85 53
18 86 27
18 87 41
18 88 7
18 89 55
18 90 21
18 91 42
18 92 34
18 93 64
18 94 46
18 95 50
18 96 34
18 97 47
18 98 52
18 99 71
19 20 14
19 21 49
19 22 66
19 23 54
19 24 61
19 25 58
19 26 54
19 27 28
19 28 58
19 29 50
19 30 53
19 31 54
19 32 41
19 33 61
19 34 44
19 35 65
19 36 14
19 37 53
19 38 47
19 39 51
19 40 38
19 41 29
19 42 40
19 43 50
19 44 64
19 45 50
19 46 50
19 47 56
19 48 60
19 49 43
19 50 33
19 51 28
19 52 28
19 53 68
19 54 68
19 55 28
19 56 55
19 57 59
19 58 53
19 59 43
19 60 26
19 61 46
19 62 27
19 63 16
19 64 56
19 65 48
19 66 37
19 67 86
19 68 36
19 69 49
19 70 54
19 71 71
19 72 80
19 73 130
19 74 35
19 75 45
19 76 43
19 77 56
19 78 62
19 79 42
19 80 35
19 81 27
19 82 43
19 83 47
19 84 59
19 85 50
19 86 72
19 87 37
19 88 43
19 89 88
19 90 54
19 91 46
19 92 30
19 93 48
19 94 43
19 95 69
19 96 82
19 97 57
19 98 36
19 99 73
20 21 35
20 22 52
20 23 47
20 24 47
20 25 51
20 26 40
20 27 14
20 28 44
20 29 36
20 30 39
20 31 40
20 32 27
20 33 47
20 34 32
20 35 51
20 36 28
20 37 39
20 38 33
20 39 37
20 40 24
20 41 15
20 42 26
20 43 49
20 44 50
20 45 52
20 46 47
20 47 62
20 48 49
20 49 29
20 50 46
20 51 14
20 52 41
20 53 59
20 54 54
20 55 14
20 56 41
20 57 45
20 58 39
20 59 29
20 60 12
20 61 39
20 62 13
20 63 2
20 64 47
20 65 41
20 66 23
20 67 72
20 68 22
20 69 40
20 70 40
20 71 57
20 72 66
20 73 116
20 74 38
20 75 36
20 76 52
20 77 42
20 78 48
20 79 28
20 80 21
20 81 13
20 82 29
20 83 33
20 84 45
20 85 36
20 86 58
20 87 30
20 88 29
20 89 74
20 90 40
20 91 32
20 92 23
20 93 54
20 94 29
20 95 55
20 96 70
20 97 43
20 98 39
20 99 59
21 22 28
21 23 47
21 24 57
21 25 59
21 26 17
21 27 33
21 28 47
21 29 42
21 30 42
21 31 32
21 32 36
21 33 37
21 34 8
21 35 42
21 36 52
21 37 19
21 38 40
21 39 25
21 40 39
21 41 20
21 42 32
21 43 29
21 44 42
21 45 58
21 46 52
21 47 58
21 48 25
21 49 35
21 50 52
21 51 24
21 52 47
21 53 65
21 54 42
21 55 23
21 56 17
21 57 21
21 58 27
21 59 34
21 60 23
21 61 35
21 62 22
21 63 33
21 64 47
21 65 51
21 66 33
21 67 81
21 68 57
21 69 46
21 70 17
21 71 68
21 72 47
21 73 121
21 74 50
21 75 42
21 76 32
21 77 27
21 78 57
21 79 35
21 80 28
21 81 34
21 82 38
21 83 43
21 84 54
21 85 52
21 86 28
21 87 40
21 88 6
21 89 54
21 90 20
21 91 41
21 92 33
21 93 63
21 94 45
21 95 49
21 96 35
21 97 46
21 98 51
21 99 70
22 23 55
22 24 52
22 25 53
22 26 33
22 27 51
22 28 55
22 29 60
22 30 58
22 31 48
22 32 54
22 33 62
22 34 34
22 35 58
22 36 65
22 37 31
22 38 45
22 39 53
22 40 53
22 41 42
22 42 50
22 43 41
22 44 58
22 45 74
22 46 74
22 47 83
22 48 11
22 49 53
22 50 48
22 51 38
22 52 43
22 53 63
22 54 70
22 55 41
22 56 11
22 57 7
22 58 55
22 59 56
22 60 40
22 61 56
22 62 40
22 63 50
22 64 68
22 65 65
22 66 47
22 67 85
22 68 74
22 69 62
22 70 45
22 71 57
22 72 73
22 73 133
22 74 44
22 75 58
22 76 44
22 77 55
22 78 53
22 79 50
22 80 56
22 81 52
22 82 56
22 83 57
22 84 72
22 85 42
22 86 54
22 87 50
22 88 34
22 89 66
22 90 32
22 91 59
22 92 47
22 93 81
22 94 35
22 95 64
22 96 61
22 97 54
22 98 45
22 99 87
23 24 62
23 25 68
23 26 30
23 27 46
23 28 40
23 29 38
23 30 46
23 31 36
23 32 49
23 33 59
23 34 54
23 35 55
23 36 50
23 37 32
23 38 30
23 39 51
23 40 40
23 41 37
23 42 28
23 43 42
23 44 46
23 45 41
23 46 69
23 47 60
23 48 60
23 49 25
23 50 33
23 51 33
23 52 38
23 53 48
23 54 64
23 55 36
23 56 52
23 57 56
23 58 49
23 59 51
23 60 35
23 61 41
23 62 35
23 63 45
23 64 36
23 65 42
23 66 42
23 67 70
23 68 69
23 69 29
23 70 43
23 71 79
23 72 73
23 73 134
23 74 29
23 75 25
23 76 45
23 77 53
23 78 61
23 79 35
23 80 64
23 81 47
23 82 44
23 83 49
23 84 29
23 85 27
23 86 75
23 87 17
23 88 41
23 89 67
23 90 33
23 91 52
23 92 24
23 93 63
23 94 20
23 95 19
23 96 82
23 97 39
23 98 30
23 99 82
24 25 38
24 26 49
24 27 46
24 28 47
24 29 55
24 30 24
24 31 34
24 32 49
24 33 66
24 34 54
24 35 74
24 36 54
24 37 51
24 38 49
24 39 33
24 40 30
24 41 37
24 42 45
24 43 52
24 44 44
24 45 71
24 46 69
24 47 79
24 48 41
24 49 45
24 50 65
24 51 33
24 52 60
24 53 78
24 54 50
24 55 36
24 56 49
24 57 45
24 58 35
24 59 51
24 60 35
24 61 43
24 62 35
24 63 45
24 64 55
24 65 60
24 66 24
24 67 91
24 68 69
24 69 59
24 70 60
24 71 76
24 72 51
24 73 131
24 74 33
24 75 55
24 76 64
24 77 70
24 78 1
24 79 44
24 80 64
24 81 47
24 82 51
24 83 52
24 84 61
24 85 49
24 86 80
24 87 49
24 88 51
24 89 83
24 90 52
24 91 54
24 92 42
24 93 69
24 94 42
24 95 51
24 96 62
24 97 46
24 98 32
24 99 82
25 26 64
25 27 65
25 28 68
25 29 55
25 30 62
25 31 59
25 32 73
25 33 90
25 34 65
25 35 85
25 36 61
25 37 62
25 38 67
25 39 58
25 40 68
25 41 61
25 42 45
25 43 66
25 44 69
25 45 71
25 46 69
25 47 82
25 48 50
25 49 48
25 50 35
25 51 57
25 52 30
25 53 78
25 54 63
25 55 60
25 56 42
25 57 46
25 58 56
25 59 75
25 60 59
25 61 48
25 62 59
25 63 53
25 64 60
25 65 84
25 66 62
25 67 114
25 68 73
25 69 59
25 70 59
25 71 96
25 72 89
25 73 156
25 74 71
25 75 55
25 76 59
25 77 69
25 78 39
25 79 71
25 80 72
25 81 64
25 82 59
25 83 76
25 84 85
25 85 73
25 86 85
25 87 63
25 88 65
25 89 97
25 90 63
25 91 78
25 92 66
25 93 94
25 94 66
25 95 75
25 96 24
25 97 69
25 98 70
25 99 99
26 27 38
26 28 30
26 29 39
26 30 25
26 31 15
26 32 41
26 33 29
26 34 25
26 35 25
26 36 44
26 37 2
26 38 32
26 39 31
26 40 41
26 41 25
26 42 29
26 43 12
26 44 25
26 45 48
26 46 52
26 47 50
26 48 30
26 49 26
26 50 40
26 51 27
26 52 44
26 53 55
26 54 48
26 55 28
26 56 22
26 57 26
26 58 33
26 59 39
26 60 28
26 61 41
26 62 27
26 63 38
26 64 43
26 65 47
26 66 36
26 67 74
26 68 62
26 69 36
26 70 22
26 71 57
26 72 52
26 73 104
26 74 37
26 75 33
26 76 15
26 77 32
26 78 50
26 79 27
26 80 45
26 81 39
26 82 43
26 83 32
26 84 42
26 85 35
26 86 45
26 87 25
26 88 11
26 89 37
26 90 3
26 91 42
26 92 32
26 93 50
26 94 28
26 95 32
26 96 52
26 97 29
26 98 38
26 99 75
27 28 42
27 29 35
27 30 39
27 31 39
27 32 23
27 33 45
27 34 26
27 35 53
27 36 42
27 37 36
27 38 32
27 39 36
27 40 28
27 41 13
27 42 25
27 43 46
27 44 49
27 45 51
27 46 45
27 47 56
27 48 48
27 49 28
27 50 45
27 51 13
27 52 40
27 53 58
27 54 53
27 55 10
27 56 40
27 57 44
27 58 38
27 59 27
27 60 12
27 61 46
27 62 11
27 63 16
27 64 46
27 65 40
27 66 22
27 67 68
27 68 36
27 69 39
27 70 38
27 71 43
27 72 66
27 73 112
27 74 46
27 75 35
27 76 49
27 77 30
27 78 47
27 79 27
27 80 35
27 81 1
27 82 27
27 83 32
27 84 43
27 85 30
27 86 53
27 87 29
27 88 27
27 89 71
27 90 37
27 91 28
27 92 22
27 93 50
27 94 37
27 95 53
27 96 67
27 97 41
27 98 47
27 99 59
28 29 33
28 30 41
28 31 31
28 32 45
28 33 59
28 34 50
28 35 55
28 36 50
28 37 28
28 38 30
28 39 39
28 40 44
28 41 34
28 42 23
28 43 36
28 44 41
28 45 49
28 46 66
28 47 68
28 48 56
28 49 20
28 50 43
28 51 30
28 52 38
28 53 56
28 54 56
28 55 32
28 56 48
28 57 52
28 58 41
28 59 48
28 60 32
28 61 41
28 62 32
28 63 42
28 64 44
28 65 57
28 66 39
28 67 46
28 68 66
28 69 37
28 70 38
28 71 42
28 72 68
28 73 97
28 74 29
28 75 33
28 76 41
28 77 48
28 78 46
28 79 30
28 80 61
28 81 43
28 82 44
28 83 11
28 84 35
28 85 27
28 86 75
28 87 35
28 88 41
28 89 61
28 90 27
28 91 14
28 92 39
28 93 66
28 94 20
28 95 25
28 96 76
28 97 1
28 98 30
28 99 61
29 30 34
29 31 24
29 32 38
29 33 55
29 34 43
29 35 64
29 36 56
29 37 41
29 38 41
29 39 45
29 40 37
29 41 26
29 42 10
29 43 44
29 44 34
29 45 36
29 46 58
29 47 55
29 48 57
29 49 13
29 50 30
29 51 22
29 52 25
29 53 43
29 54 62
29 55 25
29 56 49
29 57 53
29 58 47
29 59 40
29 60 24
29 61 43
29 62 24
29 63 34
29 64 31
29 65 49
29 66 31
29 67 79
29 68 58
29 69 24
29 70 25
29 71 72
29 72 61
29 73 127
29 74 45
29 75 20
29 76 45
29 77 35
29 78 56
29 79 36
29 80 53
29 81 36
29 82 40
29 83 41
29 84 51
29 85 43
29 86 69
29 87 28
29 88 36
29 89 76
29 90 42
29 91 43
29 92 31
29 93 59
29 94 36
29 95 41
29 96 77
29 97 34
29 98 46
29 99 71
30 31 10
30 32 42
30 33 47
30 34 47
30 35 50
30 36 67
30 37 27
30 38 48
30 39 52
30 40 44
30 41 30
30 42 24
30 43 37
30 44 20
30 45 50
30 46 61
30 47 69
30 48 55
30 49 21
30 50 44
30 51 29
30 52 39
30 53 57
30 54 69
30 55 29
30 56 47
30 57 51
30 58 54
30 59 44
30 60 27
30 61 57
30 62 28
30 63 37
30 64 45
30 65 42
30 66 38
30 67 87
30 68 61
30 69 38
30 70 39
30 71 71
30 72 27
30 73 126
30 74 53
30 75 34
30 76 40
30 77 49
30 78 25
30 79 43
30 80 56
30 81 40
30 82 44
30 83 48
30 84 37
30 85 51
30 86 70
30 87 41
30 88 36
30 89 62
30 90 28
30 91 47
30 92 38
30 93 45
30 94 44
30 95 27
30 96 77
30 97 42
30 98 54
30 99 72
31 32 42
31 33 37
31 34 40
31 35 40
31 36 59
31 37 17
31 38 44
31 39 46
31 40 35
31 41 30
31 42 14
31 43 27
31 44 10
31 45 40
31 46 51
31 47 59
31 48 45
31 49 11
31 50 34
31 51 26
31 52 29
31 53 47
31 54 63
31 55 29
31 56 37
31 57 41
31 58 48
31 59 44
31 60 28
31 61 47
31 62 28
31 63 38
31 64 35
31 65 32
31 66 29
31 67 77
31 68 62
31 69 28
31 70 29
31 71 61
31 72 37
31 73 116
31 74 43
31 75 24
31 76 30
31 77 39
31 78 35
31 79 40
31 80 57
31 81 40
31 82 44
31 83 42
31 84 27
31 85 41
31 86 60
31 87 31
31 88 26
31 89 52
31 90 18
31 91 45
31 92 35
31 93 35
31 94 34
31 95 17
31 96 67
31 97 32
31 98 44
31 99 62
32 33 48
32 34 31
32 35 56
32 36 46
32 37 41
32 38 35
32 39 39
32 40 31
32 41 16
32 42 28
32 43 51
32 44 52
32 45 48
32 46 48
32 47 61
32 48 51
32 49 31
32 50 48
32 51 16
32 52 43
32 53 61
32 54 56
32 55 13
32 56 43
32 57 47
32 58 41
32 59 30
32 60 15
32 61 49
32 62 14
32 63 25
32 64 49
32 65 43
32 66 25
32 67 71
32 68 49
32 69 42
32 70 41
32 71 66
32 72 69
32 73 89
32 74 47
32 75 38
32 76 54
32 77 51
32 78 50
32 79 30
32 80 44
32 81 24
32 82 30
32 83 35
32 84 46
32 85 52
32 86 59
32 87 32
32 88 30
32 89 76
32 90 42
32 91 31
32 92 25
32 93 53
32 94 45
32 95 56
32 96 71
32 97 44
32 98 48
32 99 62
33 34 43
33 35 54
33 36 73
33 37 31
33 38 52
33 39 56
33 40 48
33 41 37
33 42 45
33 43 41
33 44 47
33 45 65
33 46 69
33 47 39
33 48 59
33 49 48
33 50 65
33 51 33
33 52 60
33 53 72
33 54 65
33 55 35
33 56 51
33 57 55
33 58 58
33 59 25
33 60 35
33 61 58
33 62 35
33 63 45
33 64 46
33 65 60
33 66 42
33 67 93
33 68 69
33 69 53
33 70 51
33 71 83
33 72 41
33 73 133
33 74 66
33 75 55
33 76 44
33 77 61
33 78 67
33 79 47
33 80 64
33 81 46
33 82 51
33 83 52
33 84 64
33 85 64
33 86 54
33 87 49
33 88 40
33 89 66
33 90 32
33 91 53
33 92 42
33 93 55
33 94 57
33 95 54
33 96 70
33 97 58
33 98 67
33 99 82
34 35 50
34 36 58
34 37 27
34 38 40
34 39 33
34 40 36
34 41 21
34 42 33
34 43 37
34 44 50
34 45 59
34 46 53
34 47 64
34 48 31
34 49 36
34 50 53
34 51 21
34 52 48
34 53 66
34 54 50
34 55 18
34 56 23
34 57 27
34 58 35
34 59 35
34 60 20
34 61 43
34 62 19
34 63 30
34 64 54
34 65 48
34 66 30
34 67 76
34 68 54
34 69 47
34 70 25
34 71 69
34 72 53
34 73 120
34 74 58
34 75 43
34 76 40
34 77 35
34 78 55
34 79 35
34 80 36
34 81 27
34 82 35
34 83 40
34 84 51
34 85 56
34 86 34
34 87 37
34 88 14
34 89 62
34 90 28
34 91 36
34 92 30
34 93 58
34 94 50
34 95 57
34 96 41
34 97 49
34 98 59
34 99 67
35 36 69
35 37 27
35 38 40
35 39 56
35 40 59
35 41 44
35 42 54
35 43 37
35 44 50
35 45 73
35 46 76
35 47 75
35 48 55
35 49 51
35 50 65
35 51 44
35 52 69
35 53 80
35 54 73
35 55 43
35 56 47
35 57 51
35 58 58
35 59 58
35 60 43
35 61 66
35 62 42
35 63 49
35 64 68
35 65 71
35 66 53
35 67 97
35 68 73
35 69 61
35 70 47
35 71 82
35 72 77
35 73 122
35 74 59
35 75 58
35 76 40
35 77 57
35 78 75
35 79 45
35 80 68
35 81 54
35 82 32
35 83 57
35 84 67
35 85 54
35 86 70
35 87 50
35 88 36
35 89 62
35 90 28
35 91 61
35 92 53
35 93 75
35 94 50
35 95 57
35 96 77
35 97 54
35 98 59
35 99 90
36 37 46
36 38 40
36 39 59
36 40 52
36 41 43
36 42 46
36 43 56
36 44 59
36 45 36
36 46 36
36 47 48
36 48 63
36 49 49
36 50 36
36 51 42
36 52 31
36 53 67
36 54 72
36 55 42
36 56 59
36 57 63
36 58 57
36 59 57
36 60 40
36 61 49
36 62 41
36 63 30
36 64 55
36 65 55
36 66 51
36 67 80
36 68 50
36 69 48
36 70 61
36 71 85
36 72 94
36 73 135
36 74 21
36 75 52
36 76 57
36 77 70
36 78 53
36 79 45
36 80 49
36 81 41
36 82 49
36 83 59
36 84 73
36 85 37
36 86 78
36 87 45
36 88 55
36 89 81
36 90 47
36 91 60
36 92 44
36 93 34
36 94 30
36 95 69
36 96 85
36 97 49
36 98 22
36 99 61
37 38 30
37 39 29
37 40 39
37 41 27
37 42 31
37 43 10
37 44 27
37 45 46
37 46 54
37 47 52
37 48 28
37 49 28
37 50 38
37 51 25
37 52 42
37 53 53
37 54 46
37 55 28
37 56 20
37 57 24
37 58 31
37 59 41
37 60 27
37 61 39
37 62 27
37 63 37
37 64 41
37 65 49
37 66 34
37 67 72
37 68 61
37 69 34
37 70 24
37 71 55
37 72 54
37 73 102
37 74 37
37 75 35
37 76 13
37 77 34
37 78 52
37 79 25
37 80 47
37 81 37
37 82 43
37 83 30
37 84 43
37 85 37
37 86 47
37 87 27
37 88 13
37 89 35
37 90 1
37 91 40
37 92 34
37 93 52
37 94 30
37 95 33
37 96 54
37 97 27
37 98 38
37 99 74
38 39 28
38 40 19
38 41 23
38 42 31
38 43 34
38 44 54
38 45 49
38 46 55
38 47 44
38 48 54
38 49 33
38 50 41
38 51 19
38 52 46
38 53 56
38 54 45
38 55 22
38 56 46
38 57 50
38 58 30
38 59 37
38 60 21
38 61 31
38 62 21
38 63 31
38 64 43
38 65 46
38 66 25
38 67 60
38 68 55
38 69 37
38 70 46
38 71 49
38 72 75
38 73 104
38 74 19
38 75 33
38 76 43
38 77 56
38 78 50
38 79 5
38 80 50
38 81 33
38 82 14
38 83 24
38 84 53
38 85 17
38 86 66
38 87 25
38 88 37
38 89 65
38 90 31
38 91 40
38 92 28
38 93 62
38 94 10
38 95 49
38 96 75
38 97 29
38 98 20
38 99 68
39 40 37
39 41 27
39 42 35
39 43 19
39 44 48
39 45 41
39 46 59
39 47 46
39 48 50
39 49 38
39 50 33
39 51 23
39 52 28
39 53 48
39 54 17
39 55 26
39 56 42
39 57 46
39 58 2
39 59 41
39 60 25
39 61 10
39 62 25
39 63 35
39 64 22
39 65 50
39 66 32
39 67 81
39 68 59
39 69 29
39 70 41
39 71 43
39 72 72
39 73 98
39 74 40
39 75 33
39 76 42
39 77 51
39 78 32
39 79 23
39 80 53
39 81 37
39 82 41
39 83 28
39 84 57
39 85 38
39 86 53
39 87 39
39 88 31
39 89 50
39 90 28
39 91 44
39 92 32
39 93 66
39 94 31
39 95 62
39 96 56
39 97 38
39 98 41
39 99 72
40 41 19
40 42 27
40 43 43
40 44 45
40 45 47
40 46 51
40 47 63
40 48 50
40 49 30
40 50 42
40 51 15
40 52 42
40 53 54
40 54 54
40 55 18
40 56 42
40 57 46
40 58 39
40 59 33
40 60 17
40 61 47
40 62 17
40 63 22
40 64 42
40 65 42
40 66 6
40 67 76
40 68 46
40 69 35
40 70 42
40 71 64
40 72 71
40 73 119
40 74 38
40 75 31
40 76 52
40 77 52
40 78 31
40 79 14
40 80 41
40 81 29
40 82 33
40 83 33
40 84 49
40 85 36
40 86 62
40 87 23
40 88 33
40 89 74
40 90 40
40 91 36
40 92 24
40 93 58
40 94 29
40 95 52
40 96 74
40 97 43
40 98 39
40 99 64
41 42 16
41 43 37
41 44 40
41 45 42
41 46 32
41 47 51
41 48 39
41 49 19
41 50 36
41 51 4
41 52 31
41 53 49
41 54 44
41 55 3
41 56 31
41 57 35
41 58 29
41 59 14
41 60 3
41 61 37
41 62 2
41 63 13
41 64 37
41 65 31
41 66 13
41 67 61
41 68 37
41 69 30
41 70 25
41 71 54
41 72 57
41 73 105
41 74 42
41 75 26
41 76 40
41 77 35
41 78 38
41 79 18
41 80 32
41 81 14
41 82 18
41 83 23
41 84 34
41 85 40
41 86 43
41 87 20
41 88 14
41 89 62
41 90 28
41 91 21
41 92 13
41 93 43
41 94 33
41 95 44
41 96 55
41 97 33
41 98 43
41 99 50
42 43 34
42 44 24
42 45 26
42 46 48
42 47 45
42 48 47
42 49 3
42 50 20
42 51 12
42 52 15
42 53 33
42 54 52
42 55 15
42 56 39
42 57 43
42 58 37
42 59 30
42 60 14
42 61 33
42 62 14
42 63 24
42 64 21
42 65 39
42 66 21
42 67 69
42 68 48
42 69 14
42 70 15
42 71 62
42 72 51
42 73 117
42 74 35
42 75 10
42 76 35
42 77 25
42 78 46
42 79 26
42 80 43
42 81 26
42 82 30
42 83 31
42 84 41
42 85 33
42 86 59
42 87 18
42 88 26
42 89 66
42 90 32
42 91 33
42 92 21
42 93 49
42 94 26
42 95 31
42 96 67
42 97 24
42 98 36
42 99 61
43 44 37
43 45 56
43 46 64
43 47 62
43 48 38
43 49 31
43 50 48
43 51 35
43 52 47
43 53 63
43 54 36
43 55 38
43 56 30
43 57 34
43 58 21
43 59 51
43 60 37
43 61 29
43 62 37
43 63 47
43 64 41
43 65 59
43 66 44
43 67 80
43 68 71
43 69 44
43 70 34
43 71 62
43 72 64
43 73 110
43 74 45
43 75 44
43 76 23
43 77 44
43 78 51
43 79 29
43 80 57
43 81 47
43 82 48
43 83 40
43 84 53
43 85 47
43 86 57
43 87 37
43 88 23
43 89 43
43 90 9
43 91 48
43 92 44
43 93 62
43 94 40
43 95 43
43 96 64
43 97 35
43 98 46
43 99 84
44 45 50
44 46 51
44 47 69
44 48 55
44 49 21
44 50 44
44 51 36
44 52 39
44 53 57
44 54 65
44 55 39
44 56 47
44 57 51
44 58 50
44 59 54
44 60 38
44 61 57
44 62 38
44 63 48
44 64 45
44 65 22
44 66 39
44 67 87
44 68 72
44 69 38
44 70 39
44 71 51
44 72 47
44 73 106
44 74 53
44 75 34
44 76 40
44 77 49
44 78 45
44 79 50
44 80 66
44 81 50
44 82 54
44 83 36
44 84 37
44 85 51
44 86 70
44 87 41
44 88 36
44 89 62
44 90 28
44 91 55
44 92 40
44 93 25
44 94 44
44 95 27
44 96 77
44 97 42
44 98 54
44 99 52
45 46 67
45 47 43
45 48 73
45 49 29
45 50 46
45 51 38
45 52 41
45 53 31
45 54 54
45 55 41
45 56 65
45 57 69
45 58 39
45 59 56
45 60 40
45 61 31
45 62 40
45 63 50
45 64 19
45 65 49
45 66 47
45 67 87
45 68 74
45 69 12
45 70 41
45 71 84
45 72 77
45 73 137
45 74 48
45 75 16
45 76 33
45 77 51
45 78 72
45 79 52
45 80 69
45 81 52
45 82 56
45 83 57
45 84 67
45 85 46
45 86 85
45 87 24
45 88 52
45 89 81
45 90 47
45 91 59
45 92 31
45 93 70
45 94 39
45 95 57
45 96 93
45 97 50
45 98 49
45 99 87
46 47 65
46 48 71
46 49 51
46 50 44
46 51 36
46 52 39
46 53 81
46 54 76
46 55 35
46 56 63
46 57 67
46 58 61
46 59 46
46 60 35
46 61 57
46 62 34
46 63 45
46 64 69
46 65 47
46 66 45
46 67 93
46 68 69
46 69 62
46 70 57
46 71 86
46 72 88
46 73 137
46 74 57
46 75 58
46 76 67
46 77 67
46 78 70
46 79 50
46 80 64
46 81 46
46 82 50
46 83 55
46 84 66
46 85 72
46 86 75
46 87 52
46 88 46
46 89 89
46 90 55
46 91 53
46 92 45
46 93 26
46 94 65
46 95 68
46 96 87
46 97 65
46 98 58
46 99 53
47 48 80
47 49 48
47 50 59
47 51 51
47 52 54
47 53 50
47 54 59
47 55 48
47 56 72
47 57 76
47 58 44
47 59 64
47 60 50
47 61 36
47 62 49
47 63 60
47 64 24
47 65 68
47 66 60
47 67 104
47 68 84
47 69 31
47 70 60
47 71 89
47 72 62
47 73 98
47 74 63
47 75 35
47 76 52
47 77 70
47 78 78
47 79 49
47 80 79
47 81 57
47 82 58
47 83 68
47 84 81
47 85 61
47 86 84
47 87 43
47 88 61
47 89 87
47 90 53
47 91 66
47 92 50
47 93 82
47 94 54
47 95 76
47 96 58
47 97 69
47 98 64
47 99 97
48 49 50
48 50 37
48 51 35
48 52 32
48 53 74
48 54 67
48 55 38
48 56 8
48 57 4
48 58 52
48 59 53
48 60 37
48 61 50
48 62 37
48 63 47
48 64 62
48 65 62
48 66 44
48 67 96
48 68 71
48 69 61
48 70 42
48 71 46
48 72 70
48 73 130
48 74 55
48 75 57
48 76 41
48 77 52
48 78 42
48 79 49
48 80 53
48 81 49
48 82 53
48 83 54
48 84 69
48 85 53
48 86 51
48 87 49
48 88 31
48 89 63
48 90 29
48 91 56
48 92 44
48 93 78
48 94 46
48 95 61
48 96 58
48 97 55
48 98 56
48 99 84
49 50 23
49 51 15
49 52 18
49 53 36
49 54 55
49 55 18
49 56 42
49 57 46
49 58 40
49 59 33
49 60 17
49 61 36
49 62 17
49 63 27
49 64 24
49 65 42
49 66 24
49 67 66
49 68 51
49 69 17
49 70 18
49 71 62
49 72 48
49 73 117
49 74 32
49 75 13
49 76 38
49 77 28
49 78 46
49 79 29
49 80 46
49 81 29
49 82 33
49 83 31
49 84 38
49 85 30
49 86 62
49 87 20
49 88 29
49 89 63
49 90 29
49 91 34
49 92 24
49 93 46
49 94 23
49 95 28
49 96 70
49 97 21
49 98 33
49 99 64
50 51 32
50 52 5
50 53 53
50 54 46
50 55 35
50 56 45
50 57 41
50 58 31
50 59 50
50 60 34
50 61 23
50 62 34
50 63 44
50 64 35
50 65 53
50 66 41
50 67 81
50 68 68
50 69 34
50 70 35
50 71 76
50 72 71
50 73 131
50 74 40
50 75 30
50 76 25
50 77 45
50 78 65
50 79 46
50 80 63
50 81 46
50 82 50
50 83 51
50 84 50
50 85 38
50 86 79
50 87 28
50 88 46
50 89 73
50 90 39
50 91 53
50 92 35
50 93 69
50 94 31
50 95 40
50 96 59
50 97 44
50 98 41
50 99 81
51 52 27
51 53 45
51 54 40
51 55 3
51 56 27
51 57 31
51 58 25
51 59 18
51 60 2
51 61 33
51 62 2
51 63 12
51 64 33
51 65 27
51 66 9
51 67 61
51 68 36
51 69 26
51 70 27
51 71 50
51 72 56
51 73 105
51 74 38
51 75 22
51 76 38
51 77 37
51 78 34
51 79 14
51 80 31
51 81 14
51 82 18
51 83 19
51 84 34
51 85 36
51 86 47
51 87 16
51 88 18
51 89 60
51 90 26
51 91 21
51 92 9
51 93 43
51 94 29
51 95 43
51 96 59
51 97 29
51 98 39
51 99 49
52 53 48
52 54 41
52 55 30
52 56 40
52 57 36
52 58 26
52 59 45
52 60 29
52 61 18
52 62 29
52 63 39
52 64 30
52 65 54
52 66 36
52 67 84
52 68 63
52 69 29
52 70 30
52 71 71
52 72 66
52 73 126
52 74 45
52 75 25
52 76 29
52 77 40
52 78 60
52 79 41
52 80 58
52 81 41
52 82 45
52 83 46
52 84 55
52 85 43
52 86 74
52 87 33
52 88 41
52 89 77
52 90 43
52 91 48
52 92 36
52 93 64
52 94 36
52 95 45
52 96 54
52 97 39
52 98 46
52 99 76
53 54 61
53 55 48
53 56 72
53 57 70
53 58 46
53 59 63
53 60 47
53 61 38
53 62 47
53 63 57
53 64 26
53 65 56
53 66 54
53 67 96
53 68 81
53 69 19
53 70 48
53 71 91
53 72 84
53 73 146
53 74 55
53 75 23
53 76 40
53 77 58
53 78 79
53 79 59
53 80 76
53 81 59
53 82 63
53 83 64
53 84 63
53 85 53
53 86 92
53 87 31
53 88 59
53 89 88
53 90 54
53 91 66
53 92 38
53 93 77
53 94 46
53 95 53
53 96 100
53 97 57
53 98 56
53 99 94
54 55 43
54 56 59
54 57 63
54 58 15
54 59 58
54 60 42
54 61 23
54 62 42
54 63 52
54 64 35
54 65 67
54 66 49
54 67 94
54 68 76
54 69 42
54 70 58
54 71 60
54 72 88
54 73 115
54 74 53
54 75 46
54 76 59
54 77 68
54 78 49
54 79 40
54 80 70
54 81 54
54 82 58
54 83 45
54 84 74
54 85 51
54 86 70
54 87 54
54 88 48
54 89 67
54 90 45
54 91 61
54 92 49
54 93 83
54 94 44
54 95 79
54 96 39
54 97 55
54 98 54
54 99 89
55 56 30
55 57 34
55 58 28
55 59 17
55 60 2
55 61 36
55 62 1
55 63 12
55 64 36
55 65 30
55 66 12
55 67 58
55 68 36
55 69 29
55 70 28
55 71 53
55 72 56
55 73 102
55 74 41
55 75 25
55 76 41
55 77 38
55 78 37
55 79 17
55 80 31
55 81 11
55 82 17
55 83 22
55 84 33
55 85 39
55 86 46
55 87 19
55 88 17
55 89 63
55 90 29
55 91 18
55 92 12
55 93 40
55 94 32
55 95 43
55 96 58
55 97 31
55 98 42
55 99 49
56 57 4
56 58 44
56 59 45
56 60 29
56 61 52
56 62 29
56 63 39
56 64 60
56 65 54
56 66 36
56 67 88
56 68 63
56 69 53
56 70 34
56 71 54
56 72 62
56 73 122
56 74 55
56 75 49
56 76 33
56 77 44
56 78 50
56 79 41
56 80 45
56 81 41
56 82 45
56 83 46
56 84 61
56 85 53
56 86 43
56 87 43
56 88 23
56 89 55
56 90 21
56 91 48
56 92 36
56 93 70
56 94 46
56 95 53
56 96 50
56 97 47
56 98 56
56 99 76
57 58 48
57 59 49
57 60 33
57 61 54
57 62 33
57 63 43
57 64 64
57 65 58
57 66 40
57 67 92
57 68 67
57 69 57
57 70 38
57 71 50
57 72 66
57 73 126
57 74 51
57 75 53
57 76 37
57 77 48
57 78 46
57 79 45
57 80 49
57 81 45
57 82 49
57 83 50
57 84 65
57 85 49
57 86 47
57 87 45
57 88 27
57 89 59
57 90 25
57 91 52
57 92 40
57 93 74
57 94 42
57 95 57
57 96 54
57 97 51
57 98 52
57 99 80
58 59 43
58 60 27
58 61 8
58 62 27
58 63 37
58 64 20
58 65 52
58 66 34
58 67 79
58 68 61
58 69 27
58 70 43
58 71 45
58 72 74
58 73 100
58 74 38
58 75 31
58 76 44
58 77 53
58 78 34
58 79 25
58 80 55
58 81 39
58 82 43
58 83 30
58 84 59
58 85 36
58 86 55
58 87 39
58 88 33
58 89 52
58 90 30
58 91 46
58 92 34
58 93 68
58 94 29
58 95 64
58 96 54
58 97 40
58 98 39
58 99 74
59 60 17
59 61 51
59 62 16
59 63 27
59 64 51
59 65 45
59 66 27
59 67 75
59 68 51
59 69 44
59 70 39
59 71 68
59 72 66
59 73 119
59 74 56
59 75 40
59 76 54
59 77 49
59 78 52
59 79 32
59 80 46
59 81 28
59 82 32
59 83 37
59 84 48
59 85 54
59 86 29
59 87 34
59 88 28
59 89 76
59 90 42
59 91 35
59 92 27
59 93 30
59 94 47
59 95 58
59 96 69
59 97 47
59 98 57
59 99 57
60 61 35
60 62 1
60 63 10
60 64 35
60 65 29
60 66 11
60 67 60
60 68 34
60 69 28
60 70 28
60 71 52
60 72 54
60 73 104
60 74 40
60 75 24
60 76 40
60 77 38
60 78 36
60 79 16
60 80 29
60 81 13
60 82 17
60 83 21
60 84 33
60 85 38
60 86 46
60 87 18
60 88 17
60 89 62
60 90 28
60 91 20
60 92 11
60 93 42
60 94 31
60 95 43
60 96 58
60 97 31
60 98 41
60 99 47
61 62 35
61 63 41
61 64 12
61 65 56
61 66 42
61 67 71
61 68 61
61 69 19
61 70 48
61 71 53
61 72 81
61 73 108
61 74 30
61 75 23
61 76 40
61 77 58
61 78 42
61 79 33
61 80 60
61 81 47
61 82 45
61 83 38
61 84 67
61 85 28
61 86 63
61 87 31
61 88 41
61 89 60
61 90 38
61 91 53
61 92 38
61 93 76
61 94 21
61 95 60
61 96 62
61 97 40
61 98 31
61 99 82
62 63 11
62 64 35
62 65 29
62 66 11
62 67 59
62 68 35
62 69 28
62 70 27
62 71 52
62 72 55
62 73 103
62 74 40
62 75 24
62 76 40
62 77 37
62 78 36
62 79 16
62 80 30
62 81 12
62 82 16
62 83 21
62 84 32
62 85 38
62 86 45
62 87 18
62 88 16
62 89 62
62 90 28
62 91 19
62 92 11
62 93 41
62 94 31
62 95 42
62 96 57
62 97 31
62 98 41
62 99 48
63 64 45
63 65 39
63 66 21
63 67 70
63 68 24
63 69 38
63 70 38
63 71 59
63 72 64
63 73 114
63 74 36
63 75 34
63 76 50
63 77 44
63 78 46
63 79 26
63 80 19
63 81 15
63 82 27
63 83 31
63 84 43
63 85 34
63 86 56
63 87 28
63 88 27
63 89 72
63 90 38
63 91 30
63 92 21
63 93 52
63 94 27
63 95 53
63 96 68
63 97 41
63 98 37
63 99 57
64 65 44
64 66 42
64 67 83
64 68 69
64 69 7
64 70 36
64 71 65
64 72 69
64 73 120
64 74 42
64 75 11
64 76 28
64 77 46
64 78 54
64 79 45
64 80 64
64 81 47
64 82 51
64 83 50
64 84 62
64 85 40
64 86 75
64 87 19
64 88 47
64 89 72
64 90 42
64 91 54
64 92 26
64 93 65
64 94 33
64 95 52
64 96 74
64 97 45
64 98 43
64 99 82
65 66 36
65 67 88
65 68 63
65 69 37
65 70 52
65 71 73
65 72 69
65 73 128
65 74 49
65 75 33
65 76 58
65 77 62
65 78 61
65 79 41
65 80 58
65 81 41
65 82 45
65 83 46
65 84 59
65 85 47
65 86 74
65 87 25
65 88 45
65 89 84
65 90 50
65 91 48
65 92 18
65 93 21
65 94 40
65 95 49
65 96 82
65 97 56
65 98 50
65 99 48
66 67 70
66 68 45
66 69 35
66 70 36
66 71 59
66 72 65
66 73 114
66 74 44
66 75 31
66 76 47
66 77 46
66 78 25
66 79 20
66 80 40
66 81 23
66 82 27
66 83 28
66 84 43
66 85 42
66 86 56
66 87 25
66 88 27
66 89 69
66 90 35
66 91 30
66 92 18
66 93 52
66 94 35
66 95 46
66 96 68
66 97 38
66 98 45
66 99 58
67 68 94
67 69 77
67 70 84
67 71 86
67 72 114
67 73 141
67 74 59
67 75 73
67 76 85
67 77 94
67 78 90
67 79 65
67 80 89
67 81 69
67 82 71
67 83 55
67 84 79
67 85 43
67 86 104
67 87 65
67 88 75
67 89 105
67 90 71
67 91 58
67 92 70
67 93 96
67 94 50
67 95 69
67 96 116
67 97 45
67 98 60
67 99 105
68 69 62
68 70 62
68 71 79
68 72 88
68 73 101
68 74 60
68 75 58
68 76 74
68 77 64
68 78 70
68 79 50
68 80 43
68 81 35
68 82 51
68 83 55
68 84 67
68 85 58
68 86 80
68 87 52
68 88 51
68 89 96
68 90 62
68 91 54
68 92 45
68 93 76
68 94 51
68 95 77
68 96 92
68 97 65
68 98 61
68 99 81
69 70 29
69 71 72
69 72 65
69 73 127
69 74 36
69 75 4
69 76 21
69 77 39
69 78 60
69 79 40
69 80 57
69 81 40
69 82 44
69 83 45
69 84 55
69 85 34
69 86 73
69 87 12
69 88 40
69 89 69
69 90 35
69 91 47
69 92 19
69 93 58
69 94 27
69 95 45
69 96 81
69 97 38
69 98 37
69 99 75
70 71 77
70 72 64
70 73 126
70 74 50
70 75 25
70 76 37
70 77 10
70 78 61
70 79 41
70 80 45
70 81 39
70 82 43
70 83 46
70 84 56
70 85 48
70 86 45
70 87 33
70 88 11
70 89 59
70 90 25
70 91 46
70 92 36
70 93 64
70 94 41
70 95 46
70 96 52
70 97 39
70 98 51
70 99 75
71 72 98
71 73 101
71 74 64
71 75 72
71 76 68
71 77 73
71 78 75
71 79 50
71 80 78
71 81 44
71 82 63
71 83 31
71 84 75
71 85 66
71 86 96
71 87 66
71 88 68
71 89 90
71 90 56
71 91 54
71 92 59
71 93 76
71 94 59
71 95 65
71 96 96
71 97 41
71 98 65
71 99 99
72 73 153
72 74 80
72 75 61
72 76 67
72 77 74
72 78 52
72 79 70
72 80 75
72 81 67
72 82 71
72 83 75
72 84 64
72 85 78
72 86 73
72 87 68
72 88 53
72 89 89
72 90 55
72 91 74
72 92 65
72 93 72
72 94 71
72 95 54
72 96 80
72 97 69
72 98 81
72 99 99
73 74 119
73 75 127
73 76 115
73 77 136
73 78 130
73 79 105
73 80 133
73 81 113
73 82 118
73 83 86
73 84 130
73 85 121
73 86 107
73 87 121
73 88 115
73 89 67
73 90 101
73 91 109
73 92 114
73 93 131
73 94 114
73 95 120
73 96 151
73 97 96
73 98 120
73 99 110
74 75 32
74 76 50
74 77 60
74 78 32
74 79 24
74 80 55
74 81 45
74 82 28
74 83 38
74 84 55
74 85 16
74 86 68
74 87 24
74 88 44
74 89 70
74 90 36
74 91 41
74 92 31
74 93 55
74 94 9
74 95 48
74 96 85
74 97 28
74 98 1
74 99 82
75 76 25
75 77 35
75 78 56
75 79 36
75 80 53
75 81 36
75 82 40
75 83 41
75 84 51
75 85 30
75 86 69
75 87 8
75 88 36
75 89 70
75 90 36
75 91 43
75 92 15
75 93 54
75 94 23
75 95 41
75 96 77
75 97 34
75 98 33
75 99 71
76 77 47
76 78 65
76 79 38
76 80 60
76 81 50
76 82 56
76 83 43
76 84 56
76 85 50
76 86 60
76 87 33
76 88 26
76 89 48
76 90 14
76 91 53
76 92 40
76 93 65
76 94 43
76 95 46
76 96 67
76 97 40
76 98 51
76 99 83
77 78 71
77 79 51
77 80 55
77 81 29
77 82 53
77 83 56
77 84 66
77 85 58
77 86 55
77 87 43
77 88 21
77 89 69
77 90 35
77 91 54
77 92 46
77 93 74
77 94 51
77 95 56
77 96 62
77 97 49
77 98 61
77 99 85
78 79 45
78 80 65
78 81 48
78 82 52
78 83 53
78 84 62
78 85 48
78 86 81
78 87 50
78 88 52
78 89 82
78 90 53
78 91 55
78 92 43
78 93 70
78 94 41
78 95 52
78 96 63
78 97 45
78 98 31
78 99 83
79 80 45
79 81 28
79 82 19
79 83 19
79 84 48
79 85 22
79 86 61
79 87 30
79 88 32
79 89 60
79 90 26
79 91 35
79 92 23
79 93 57
79 94 15
79 95 53
79 96 70
79 97 29
79 98 25
79 99 63
80 81 34
80 82 46
80 83 50
80 84 62
80 85 53
80 86 56
80 87 47
80 88 34
80 89 82
80 90 48
80 91 49
80 92 40
80 93 71
80 94 46
80 95 72
80 96 63
80 97 60
80 98 56
80 99 76
81 82 28
81 83 33
81 84 44
81 85 29
81 86 54
81 87 30
81 88 28
81 89 72
81 90 38
81 91 29
81 92 23
81 93 51
81 94 36
81 95 54
81 96 68
81 97 42
81 98 46
81 99 60
82 83 37
82 84 48
82 85 28
82 86 61
82 87 34
82 88 32
82 89 78
82 90 44
82 91 35
82 92 27
82 93 57
82 94 24
82 95 58
82 96 73
82 97 43
82 98 27
82 99 64
83 84 44
83 85 36
83 86 66
83 87 35
83 88 37
83 89 65
83 90 31
83 91 23
83 92 28
83 93 61
83 94 29
83 95 34
83 96 65
83 97 10
83 98 39
83 99 68
84 85 56
84 86 77
84 87 46
84 88 48
84 89 78
84 90 44
84 91 47
84 92 43
84 93 62
84 94 49
84 95 10
84 96 89
84 97 34
84 98 56
84 99 80
85 86 66
85 87 22
85 88 46
85 89 72
85 90 38
85 91 39
85 92 29
85 93 53
85 94 7
85 95 46
85 96 87
85 97 26
85 98 17
85 99 80
86 87 63
86 88 34
86 89 82
86 90 48
86 91 64
86 92 56
86 93 59
86 94 59
86 95 77
86 96 61
86 97 74
86 98 69
86 99 86
87 88 34
87 89 62
87 90 28
87 91 37
87 92 7
87 93 46
87 94 15
87 95 36
87 96 75
87 97 34
87 98 25
87 99 65
88 89 48
88 90 14
88 91 35
88 92 27
88 93 57
88 94 39
88 95 43
88 96 41
88 97 40
88 98 45
88 99 64
89 90 34
89 91 73
89 92 69
89 93 70
89 94 65
89 95 68
89 96 89
89 97 60
89 98 71
89 99 43
90 91 39
90 92 35
90 93 53
90 94 31
90 95 34
90 96 55
90 97 26
90 98 37
90 99 75
91 92 30
91 93 58
91 94 32
91 95 37
91 96 76
91 97 13
91 98 42
91 99 47
92 93 39
92 94 22
92 95 43
92 96 68
92 97 38
92 98 32
92 99 58
93 94 60
93 95 52
93 96 85
93 97 67
93 98 56
93 99 27
94 95 39
94 96 80
94 97 19
94 98 10
94 99 78
95 96 84
95 97 24
95 98 49
95 99 79
96 97 75
96 98 86
96 99 75
97 98 29
97 99 60
98 99 83
